ss
30.000000
3.875000
18.343195
8
saikat
18.113207
2.245283
65.027321
53
newone
20.000000
2.888889
96.296295
32
abcsd
12.631579
1.368421
74.285713
20
sssss
30.000000
2.666667
97.959183
21
mdsaikat
18.305084
2.508475
93.081764
60
saikat
21.250000
2.347826
90.756302
48
shihab
32.307693
3.230769
93.333336
14
testbest
18.305084
2.338983
90.196075
60
today
23.389830
2.762712
93.678162
60
pqrst
27.457626
3.169492
93.034828
59
nabila
18.305084
2.101695
97.637794
60
jfmeem
11.186440
1.338983
75.238098
60
saiew
22.372881
2.661017
93.452377
60
omer
7.346939
3.000000
77.368423
50
omer
24.545454
3.477273
80.104713
44
tsjha
22.500000
3.000000
100.000000
8
rew
0.000000
0.000000
-nan
8
aesdji
22.500000
2.625000
95.454544
8
s
0.000000
0.000000
0.000000
8
jh
0.000000
0.000000
0.000000
8
saikat
4.705883
0.901961
92.000000
51
qwldio
11.764706
2.058824
100.000000
51
weqw
4.390244
1.317073
100.000000
41
