ss
30.000000
3.875000
18.343195
8
saikat
18.113207
2.245283
65.027321
53
newone
20.000000
2.888889
96.296295
32
abcsd
12.631579
1.368421
74.285713
20
sssss
30.000000
2.666667
97.959183
21
mdsaikat
18.305084
2.508475
93.081764
60
saikat
21.250000
2.347826
90.756302
48
shihab
32.307693
3.230769
93.333336
14
testbest
18.305084
2.338983
90.196075
60
today
23.389830
2.762712
93.678162
60
pqrst
27.457626
3.169492
93.034828
59
nabila
18.305084
2.101695
97.637794
60
jfmeem
11.186440
1.338983
75.238098
60
